function maze = create_maze()

maze = [-1 -1 -1 -1 -1 -1 -1 -1
        -1  1  1  1 -1  1  1 -1
        -1  1 -1  1 -1 -1  1 -1
        -1  1 -1  1 -1  1  1 -1
        -1  1 -1 -1 -1  1 -1 -1
        -1  1 -1  1  1  1  1 -1
        -1  1 -1 -1 -1 -1  1  1
        -1 -1 -1  1  1 -1 -1  0];