function maze = create_maze_small()

maze = [-2 -1 -1 -1 -1 -2
        -2 -1 -2 -2 -1 -2
        -2 -1 -2 -1 -1 -2
        -2 -1 -2 -2 -2 -2
        -2 -1 -1 -1 -1 -2
        -2 -2 -2 -2 -1 10];