function maze = create_maze()

maze = [-2 -1 -2 -2 -2 -2 -2 -2 -2 -2 -2 -2 -2 -2 -2 -2 -2
        -2 -1 -1 -1 -1 -2 -1 -1 -1 -1 -2 -1 -1 -1 -1 -1 -2
        -2 -2 -2 -1 -2 -2 -2 -1 -2 -1 -2 -1 -2 -2 -2 -1 -2
        -2 -1 -2 -1 -1 -1 -1 -1 -2 -1 -2 -1 -2 -1 -2 -1 -2
        -2 -1 -1 -1 -2 -1 -2 -2 -2 -1 -1 -1 -2 -1 -1 -1 -2
        -2 -1 -2 -2 -2 -1 -1 -1 -2 -2 -2 -2 -2 -1 -2 -1 -2
        -2 -1 -2 -1 -2 -1 -2 -2 -2 -1 -1 -1 -1 -1 -2 -1 -2
        -2 -1 -2 -1 -2 -1 -2 -1 -1 -1 -2 -2 -2 -2 -2 -1 -2
        -2 -1 -1 -1 -2 -1 -2 -2 -2 -1 -2 -1 -1 -1 -1 -1 -2
        -2 -2 -2 -2 -2 -1 -1 -1 -2 -1 -2 -1 -2 -2 -2 -1 -2
        -2 -1 -2 -1 -2 -2 -2 -1 -2 -1 -2 -1 -1 -1 -2 -1 -2
        -2 -1 -2 -1 -1 -1 -2 -1 -2 -1 -2 -2 -2 -1 -2 -2 -2
        -2 -1 -2 -1 -2 -1 -1 -1 -2 -1 -2 -1 -1 -1 -1 -1 -2
        -2 -1 -2 -1 -2 -2 -2 -2 -2 -1 -2 -1 -2 -2 -2 -2 -2
        -2 -1 -1 -1 -1 -1 -1 -1 -1 -1 -2 -1 -1 -1 -1 -1 -2
        -2 -2 -2 -2 -2 -2 -2 -2 -2 -2 -2 -2 -2 -2 -2 10 -2];